151
0
0
0
0
0
0.894031260592197
56.5406846137074
46.639244378051
86.1185620505238
55.5071359490507
94.2968049833622
173.325868262432
160.170522035205
40.9223869506189
155.634570105094
25.2405856870288
27.283428571964
46.2028502964234
37.6831155784098
44.9387039149241
42.7998123070662
0.0247939836496388
19.4809626511768
56.1916582157507
58.5076359457168
182.207967660238
251.275634766681
170.009078108405
343.678159356913
278.416553870984
82.6541984467693
0.00790599030924574
22.9430780299321
9.86646314695119
15.9238235488507
73.4402515256739
16.5465383275208
23.4046725984248
5.28536625586694
0.327500465749778
1.49894588321313
3.04232403756302
0.814324905203127
0.00361494307087504
0.000178462280255447
0.0110819133261543
0.075813405114453
0.0157346535607756
0.108052133721013
1.7241066039219
3.60381859562617
7.89641777600768
14.5168447463467
7.42048163987607
16.2530253018358
12.1932178196383
15.6249291023124
16.1567585640157
30.7902872767573
29.1121632440449
9.45528788624026
14.8403720128476
39.8012077447807
272.150743351917
134.146185812157
105.983089724561
12.7548398609547
30.1108093484717
13.1545400984344
13.5797889028071
1.88695377749632
0.0446433985782889
0
0
0
0
0
0
0
0
0
0
0
0
0
0
0
0
0
0
0
0
0
0
0
0
0
0
0
0
0
0
0
0
0
0
0
0
0
0
0
0
0
0
0
0
0
0
0
0
0
0
0
0
0
0
0
0
0
0
0
0
0
0
0
0
0
0
0
0
0
0
0
0
0
0
0
0
0
0
0
5
93
97
102
106
108
2000
1756
1781
2842
2497
0.193194635369533
0.208121317673388
0.229033139478293
0.28649934331218
0.182924390435671
1
-9999
