# Number of parameters = 116  Objective function value = -218.033  Maximum gradient component = 4.14469e-005
# r:
0.315205084303
# beta:
0.233829828398
# log_binit:
5.34282271181
# q:
0.197593928984
# m:
2.03760508993
# effort_devs:
 -0.0535076998080 -0.0372500868830 -0.0178891217409 0.0861882958306 -0.00294644677257 0.0785473922356 0.137990042962 0.0233493967082 0.0282465768280 0.0399225344780 0.0561908607995 0.0851501474638 0.185378462839 0.0769714807582 0.0482818842072 0.00555983811509 -0.0171654383688 -0.0932782742513 -0.122616611337 -0.157049528624 -0.0737791973518 0.0797757491776 0.0805246187686 -0.0457381422755 0.00898229660023 -0.170414576345 -0.106469747377 -0.0543018487281 -0.0189726593841 -0.0383326156594 -0.0778372072676 -0.0912666510237 -0.0862088597447 -0.0518130281698 0.0154801062377 0.0706948701552 0.127701488308 0.108337534829 0.139999722809 0.167423455144 0.138472673041 -0.0304466543220 -0.0744793546746 -0.0880562120833 -0.266809802830 -0.214714249090 -0.187198118317 -0.211083106259 -0.00939800910527 0.133811494700 0.0577665830801 0.0793624138983 0.113741874374 0.121079286535 0.0710911656823 0.0330010012286
# k_devs:
 -8.46238501673e-006 -4.88727289492e-005 -0.000107561043791 -0.000155833863977 -0.000153465547255 -0.000138446706435 -5.16598470615e-005 0.000118543355928 0.000297668744968 0.000492273934860 0.000718011746756 0.000994755127338 0.00136885789536 0.00189552982473 0.00247701255122 0.00307964022447 0.00367523135734 0.00422929935769 0.00466660923744 0.00494796521762 0.00506038687022 0.00512679127842 0.00529679983180 0.00553536057605 0.00573526203999 0.00589129513460 0.00583046958720 0.00563313123507 0.00537598579061 0.00510451879911 0.00480815138150 0.00446931711456 0.00408945717949 0.00370081826354 0.00335801246297 0.00310835279286 0.00297441212287 0.00296187017413 0.00303655694469 0.00319189497997 0.00340738567991 0.00363183425226 0.00379436855322 0.00389007966698 0.00389164298484 0.00371876124199 0.00339298288358 0.00291455835275 0.00230575648637 0.00171541365448 0.00121267020992 0.000754430302452 0.000381298676388 0.000138206904611 3.00792576819e-005
