# "blue_age.dat" produced by dat_write() from R2admb Fri Jun 22 15:35:42 2012
# num_years 
 104 

# catches 
 1 62 7 33.5 30.5 120.5 57 105 38 130.5 29.5 41 81.5 56.5 54.5 55 0 41.5 54.5 70 169 129 151.5 142.5 248.5 72 0 39 2 31 66.5 38.5 23 35 5 1 7.5 1.5 0 0 0 2.5 1 16.5 6 8 22.5 78 70.5 134.5 80.5 97.5 100.5 86 112.5 53 67 71.5 398.5 156.5 200.5 30 47 39 33 10 4 0 0 0 0 0 0 0 0 0 0 0 0 0 0 0 0 0 0 0 0 0 0 0 0 0 0 0 0 0 0 0 0 0 0 0 0 0 

# num_obs 
  5

# Y_years 
 89 93 98 102 104 

# Y_obs 
 2000 1756 1781 2842 2497 

# Y_SD 
 0.1931946 0.2081213 0.2290331 0.2864993 0.1829244 

# max_age 
 10 

# z 
 2.39 

